307
623
647
515
116
622
493
927
455
73
984
697
389
996
662
490
606
678
533
190
183
656
437
997
402
371
41
429
13
165
441
869
81
734
168
780
710
295
618
609
868
826
818
997
654
324
518
310
107
38
118
4
452
555
251
952
786
188
323
292
101
357
835
988
83
690
769
491
281
867
653
881
439
326
826
848
330
143
526
691
516
324
112
286
56
240
353
753
664
401
580
829
979
789
487
376
641
509
692
477
545
997
85
485
562
900
745
697
653
600
984
165
300
486
759
436
960
514
329
763
139
538
482
635
32
126
588
699
641
363
432
364
826
654
617
748
267
363
959
656
68
366
784
482
977
165
610
810
492
527
36
316
350
485
37
325
581
1
54
39
142
691
225
961
625
74
370
890
485
872
621
87
9
585
171
730
243
826
130
618
726
774
500
795
10
537
621
442
943
107
598
13
529
257
42
683
63
507
548
273
926
594
770
397
427
667
910
203
383
350
535
208
856
875
856
387
184
992
973
529
876
277
197
597
81
686
478
986
213
730
638
269
292
571
44
204
881
795
269
311
880
232
149
224
640
850
824
920
259
492
234
666
219
690
89
547
770
292
817
823
197
166
364
540
892
521
50
114
13
780
530
950
612
489
148
846
209
885
621
920
92
495
96
939
838
957
228
817
610
358
27
657
238
360
670
153
403
647
415
870
988
751
824
632
62
385
647
130
686
163
111
607
675
848
138
194
860
141
118
22
422
978
832
604
804
214
176
756
866
516
314
651
899
847
937
803
744
252
382
981
279
373
351
292
571
997
821
140
225
60
80
366
882
704
243
45
88
388
397
314
100
676
114
652
898
824
804
245
940
729
109
922
66
664
907
484
956
674
774
319
730
563
528
583
957
360
896
399
636
402
984
777
665
757
803
440
458
481
611
895
93
801
489
93
863
131
264
446
764
227
391
243
504
979
39
374
552
44
608
521
583
307
605
209
883
320
430
580
307
444
409
259
734
569
939
9
852
620
834
332
448
517
788
602
742
194
846
261
186
318
417
98
789
831
677
465
585
633
457
262
275
961
933
9
762
494
687
615
628
682
459
994
132
117
105
515
912
900
726
441
614
1
587
754
912
589
455
974
899
269
576
1000
206
61
875
681
472
705
316
838
572
399
644
609
186
524
498
796
301
287
401
96
830
257
775
27
797
779
309
609
657
670
862
698
549
66
348
462
986
670
938
492
925
593
350
118
351
508
944
860
567
667
138
188
696
355
948
576
319
69
912
652
582
10
928
796
38
639
951
688
274
448
834
784
588
191
5
255
989
311
349
640
186
891
364
397
536
705
988
400
455
276
362
770
904
177
89
272
647
774
735
11
670
271
341
174
91
680
274
172
234
376
837
633
439
799
863
377
12
5
737
695
683
876
839
36
137
247
544
255
528
87
905
167
108
882
335
477
740
232
957
277
352
632
982
247
861
441
633
921
198
527
514
638
442
329
765
439
498
283
962
365
384
390
840
936
261
766
629
188
12
678
832
83
912
328
517
296
133
674
392
577
838
817
657
823
149
540
435
29
676
927
457
697
425
175
769
810
336
435
534
545
141
785
511
123
678
904
229
575
177
794
988
428
946
601
446
913
430
663
174
421
980
328
208
568
447
502
79
683
17
419
907
577
431
974
948
557
762
994
672
6
987
841
50
258
806
164
224
614
15
891
929
675
561
582
344
106
465
371
355
493
130
636
469
58
726
472
650
896
218
954
214
147
752
318
965
494
263
363
416
454
297
318
833
56
812
881
381
88
26
891
272
248
691
756
719
619
182
772
457
988
122
960
485
926
685
38
789
268
520
891
736
468
83
478
506
213
955
448
902
301
477
97
152
120
654
933
171
44
560
960
280
873
816
600
782
69
724
681
260
142
718
775
599
550
236
903
791
937
545
581
260
161
884
847
972
10
175
167
607
769
924
764
628
72
173
650
745
259
958
759
749
674
698
296
23
449
116
342
257
824
882
365
930
179
784
59
54
134
74
193
804
514
867
287
282
414
742
685
913
806
561
441
263
931
128
705
606
709
706
601
59
604
265
178
714
188
553
343
225
764
784
350
224
671
37
206
66
60
294
892
939
220
33
213
436
592
324
843
365
301
564
344
583
31
898
182
671
541
18
694
906
450
114
175
257
776
215
864
443
95
434
61
788
290
57
299
634
715
165
643
624
747
921
866
896
57
141
389
46
431
945
944
284
766
950
950
998
377
98
303
656
231
31
852
383
888
278
831
982
700
571
217
389
832
523
254
451
337
906
858
985
805
9
320
984
858
179
997
684
75
541
48
674
506
274
750
600
992
793
365
512
685
331
236
433
303
809
492
456
957
870
999
394
154
455
194
364
193
731
919
101
647
989
791
305
553
744
800
861
579
116
975
171
188
616
754
70
836
682
889
985
861
111
963
305
985
321
337
222
150
943
144
30
676
698
756
246
828
138
612
547
800
253
961
163
847
887
266
760
340
143
455
684
387
417
191
104
457
796
423
283
878
628
913
799
825
709
608
745
812
259
294
877
508
551
163
19
200
822
603
402
824
815
611
902
34
33
954
837
958
285
258
194
308
157
629
38
502
407
66
503
304
789
545
718
78
505
940
924
963
927
362
427
413
450
689
744
960
754
93
941
593
475
553
393
553
250
699
844
317
811
252
399
530
538
280
256
149
925
960
643
245
107
83
593
496
95
843
842
642
706
199
990
929
826
697
218
968
788
432
895
767
141
744
354
542
326
277
194
596
848
740
510
774
579
992
682
678
743
805
917
65
443
898
753
12
901
811
88
886
503
14
923
537
386
841
198
858
41
891
387
529
943
562
333
906
47
348
158
785
552
441
864
441
548
800
306
615
781
465
249
520
158
35
245
718
395
925
606
158
372
573
282
817
79
475
133
371
508
851
538
980
702
276
788
141
856
441
293
805
899
347
900
70
475
166
529
992
362
176
228
848
85
0
407
109
840
721
573
267
345
253
996
803
735
59
208
306
806
389
871
671
322
174
416
427
789
47
805
811
620
254
591
358
769
423
152
970
448
819
109
612
256
203
105
304
926
510
656
222
650
216
513
586
378
137
97
233
611
949
99
539
710
131
777
436
552
538
223
430
140
67
663
110
657
109
174
956
828
569
265
315
536
17
806
304
521
626
847
864
863
137
524
587
651
897
778
616
942
726
902
828
591
770
907
312
451
358
759
877
803
538
649
940
834
555
817
38
709
705
271
728
187
577
65
870
635
14
430
1000
167
903
264
761
760
493
828
869
878
263
234
778
829
653
565
726
899
631
4
214
471
612
812
533
300
24
312
142
530
629
125
868
393
371
913
184
230
471
880
42
795
682
192
507
782
130
5
800
265
903
598
855
626
509
407
594
427
254
618
116
500
975
212
749
29
97
866
599
291
276
880
370
215
935
524
137
601
437
584
867
89
601
820
321
154
959
69
491
576
152
19
586
648
791
831
659
604
584
590
178
639
112
86
102
17
748
551
205
841
994
281
144
854
294
512
468
633
957
664
51
760
526
17
898
548
849
718
303
156
423
789
560
814
4
516
639
39
917
929
777
791
11
528
487
546
742
599
815
710
665
985
322
164
263
60
70
153
425
338
167
653
364
575
995
579
710
266
90
33
603
147
552
314
25
965
12
317
959
570
527
975
997
27
290
505
356
764
941
889
779
896
383
351
764
342
42
351
37
193
331
95
656
580
921
692
330
465
902
16
637
467
579
114
630
641
856
497
87
612
626
284
923
730
73
85
592
432
107
872
402
129
74
756
568
420
539
446
151
752
926
397
242
848
728
755
423
328
173
486
506
950
397
945
200
651
199
29
397
483
250
937
947
611
461
577
472
797
547
826
811
672
609
765
261
369
154
121
667
401
476
466
270
181
155
45
631
705
197
84
98
379
267
559
139
481
793
272
15
292
133
277
893
843
275
835
592
790
649
846
810
913
760
593
814
475
661
777
482
368
991
962
372
666
298
628
500
547
746
304
873
42
795
549
445
944
287
600
822
649
665
311
745
571
934
87
446
453
108
162
329
249
301
529
930
320
385
925
905
538
417
527
926
15
224
624
368
474
90
228
938
370
518
86
72
965
566
769
898
244
822
239
118
630
990
638
821
901
361
459
417
743
346
192
579
864
799
590
593
874
445
755
836
173
664
942
348
558
76
696
262
970
75
337
301
609
241
451
922
768
868
509
769
663
322
956
211
382
498
155
4
281
130
15
47
63
517
422
622
781
611
162
281
190
852
350
313
623
989
44
888
116
264
421
10
649
491
559
988
742
276
832
249
769
500
485
534
150
409
771
375
975
1
409
469
442
77
72
504
837
82
713
701
959
427
565
867
543
912
604
791
291
104
14
152
682
703
601
312
298
630
502
476
193
610
177
690
455
907
703
583
598
600
544
891
68
629
303
548
951
405
641
652
512
669
872
981
887
453
346
545
491
56
933
929
9
938
992
159
656
535
329
858
63
497
848
980
163
1
101
64
233
873
530
591
200
505
189
680
961
619
790
46
274
552
346
827
477
940
962
31
264
723
961
476
969
634
99
72
525
482
295
300
539
963
233
833
229
400
262
746
146
355
608
265
870
250
343
788
332
106
475
367
762
350
968
897
846
410
471
152
51
503
972
230
104
433
398
590
304
241
298
504
242
94
455
239
667
111
951
556
678
871
694
929
180
761
135
958
351
87
291
365
204
181
361
12
558
387
381
133
808
94
837
702
256
729
788
656
480
789
528
632
290
555
829
771
53
947
525
386
956
973
447
828
157
101
302
198
343
927
372
307
276
104
580
438
801
565
868
49
302
309
320
856
358
217
651
152
482
426
180
937
363
158
348
285
295
504
793
108
103
925
631
684
237
62
604
118
839
752
983
437
441
209
18
442
196
388
508
768
722
636
850
342
131
956
229
431
959
871
856
152
792
825
748
161
68
520
906
396
338
231
280
3
390
55
337
43
599
458
275
554
52
456
180
637
502
648
30
946
159
603
582
986
65
940
832
572
119
211
795
414
752
429
918
649
481
490
310
740
294
868
35
816
845
740
500
667
793
164
532
615
425
520
865
28
283
598
245
32
99
222
179
380
888
825
242
537
440
855
461
878
850
122
72
845
669
531
682
36
990
524
61
148
88
377
72
539
403
536
937
332
60
892
695
984
263
215
669
720
16
46
869
412
65
899
160
80
180
539
470
965
26
835
533
256
577
81
203
477
849
710
411
760
460
905
583
992
545
393
807
58
199
196
38
930
796
31
191
194
893
368
806
472
996
628
100
696
526
947
564
566
329
878
682
339
884
400
396
445
45
33
825
372
503
61
60
687
564
151
298
500
340
883
601
864
221
263
675
940
2
441
959
839
827
927
754
882
354
465
357
387
732
26
283
200
180
327
932
615
371
680
509
178
991
790
534
375
59
21
462
520
699
823
33
509
49
261
751
671
317
576
365
605
508
126
11
494
1000
368
197
698
786
807
929
606
207
40
894
962
346
866
834
421
389
618
547
971
496
107
578
245
644
766
39
864
589
178
306
129
729
509
474
953
696
72
928
134
8
988
25
234
678
736
47
985
195
930
222
499
745
96
966
141
293
171
462
312
948
378
289
917
552
999
557
815
961
1000
252
662
353
130
416
786
842
758
220
85
960
33
16
24
101
274
784
682
751
101
364
368
421
650
68
767
365
950
828
690
726
710
733
277
833
197
7
291
460
252
594
348
346
760
617
724
414
833
540
594
295
628
235
859
181
502
691
699
715
468
735
608
685
735
282
682
468
624
39
311
355
602
148
649
987
625
37
544
22
256
606
288
9
68
422
912
695
34
584
703
551
515
706
894
537
501
34
152
256
3
408
328
372
677
348
796
360
544
741
715
360
629
186
67
248
10
482
803
518
466
774
592
509
737
587
22
899
321
355
225
542
178
752
339
114
277
55
199
506
264
183
457
470
979
578
435
909
371
248
571
340
359
49
501
228
953
266
504
377
436
160
560
935
223
763
710
31
266
829
346
478
804
155
113
698
957
492
746
148
235
789
309
536
35
71
279
413
150
282
858
825
570
439
39
663
749
958
116
614
647
327
298
478
484
389
796
384
285
798
284
562
681
521
893
808
853
996
446
682
911
582
593
836
438
471
841
107
536
625
898
426
716
90
431
230
75
306
139
898
841
181
57
399
717
955
435
567
892
399
665
331
57
292
410
209
925
313
43
911
716
273
306
420
168
224
994
174
301
363
333
564
476
554
535
465
293
721
970
611
842
300
940
260
733
42
900
365
827
464
49
835
394
80
211
342
775
725
445
689
591
266
15
681
351
268
420
434
789
973
796
495
153
465
863
404
379
551
442
959
212
736
820
851
311
814
892
375
631
445
827
98
709
59
397
866
176
408
586
347
755
766
196
273
533
342
308
150
329
672
961
974
32
854
390
162
68
587
658
378
503
787
907
291
401
972
930
796
502
882
114
764
715
665
149
55
456
252
202
623
326
42
251
187
607
611
290
667
834
312
327
327
692
97
584
515
291
417
328
758
709
884
401
175
346
128
730
92
108
907
486
209
464
680
839
458
646
447
777
74
545
314
657
161
461
820
34
258
842
359
934
607
856
70
586
721
780
106
933
504
541
158
766
217
428
362
298
521
985
979
667
810
911
82
197
365
559
694
286
118
644
772
555
539
248
824
557
203
636
877
186
189
799
657
165
333
396
904
794
488
625
393
412
645
970
829
514
92
652
412
936
646
252
976
477
71
763
349
903
502
968
722
813
640
113
325
707
525
423
162
22
762
698
477
420
2
319
991
478
999
238
139
335
246
493
339
858
679
701
247
971
817
704
88
500
632
550
503
711
857
73
440
731
86
3
588
20
442
593
470
950
872
182
714
653
339
626
210
170
906
341
444
242
528
908
996
322
369
784
593
637
17
834
691
730
304
832
109
328
254
846
188
240
580
858
363
432
405
652
295
206
935
280
467
518
394
71
705
468
429
505
590
846
911
735
152
913
629
540
130
348
340
287
276
791
412
810
676
506
868
854
497
266
617
751
568
111
6
829
981
51
765
635
808
176
470
281
841
508
59
958
523
929
171
379
243
422
305
302
22
334
214
962
855
55
197
579
170
401
809
930
566
805
215
876
92
403
146
813
883
258
463
798
690
984
195
711
252
131
713
793
983
675
74
63
927
464
230
661
553
337
726
330
682
811
249
368
896
786
615
834
917
474
145
923
846
615
318
934
317
556
616
918
216
464
857
802
583
709
386
232
871
481
615
410
77
595
665
146
941
373
495
338
44
797
525
241
160
403
242
41
888
240
208
140
478
927
299
293
634
115
562
839
378
998
168
585
558
812
777
41
309
610
791
161
210
538
882
447
236
834
627
677
68
821
171
5
238
44
329
269
963
401
45
377
165
949
503
584
238
786
570
5
639
385
779
317
386
761
177
74
466
867
724
99
897
362
47
315
782
530
318
797
282
438
728
846
26
776
450
694
392
692
390
497
501
26
276
118
587
270
152
926
603
893
125
738
18
223
999
567
962
447
526
755
882
694
674
476
403
525
84
97
309
588
264
179
840
505
498
271
949
723
755
368
156
604
822
567
143
359
8
905
789
698
574
814
429
20
802
857
986
30
359
515
91
111
248
376
297
117
617
693
476
305
146
355
862
540
78
370
793
40
530
40
510
280
864
467
786
498
432
636
410
712
726
9
100
669
176
516
973
724
660
502
766
194
118
805
317
758
694
146
36
194
608
622
458
420
840
662
345
372
7
164
978
51
145
694
275
542
868
561
27
5
998
850
794
292
855
237
2
678
446
703
349
931
842
450
896
997
480
107
10
125
166
655
779
665
335
272
847
914
500
529
796
10
44
312
934
793
36
574
31
304
750
851
256
527
439
96
99
871
363
558
927
222
205
542
366
135
829
349
671
544
568
524
623
262
568
147
250
16
113
345
817
784
416
764
24
431
721
85
122
373
346
889
744
291
964
635
782
748
565
313
278
415
78
194
970
604
365
115
456
535
609
424
17
774
932
247
700
321
782
135
543
313
140
988
74
594
170
955
240
22
955
464
541
236
704
534
724
978
590
933
489
30
706
19
317
139
187
315
997
459
59
571
555
164
583
79
457
200
811
446
470
585
582
569
761
34
355
851
699
477
302
222
455
704
421
870
742
96
18
814
960
802
152
637
197
300
508
534
506
966
531
746
19
982
499
148
282
391
766
880
137
362
808
575
982
653
402
936
197
863
564
570
548
198
857
648
296
495
80
916
778
275
132
416
498
472
937
679
30
274
210
191
214
638
990
805
453
272
217
134
259
894
171
106
870
589
514
923
777
248
499
106
373
703
312
44
230
807
227
793
819
872
199
604
88
956
289
299
769
323
80
91
161
48
711
112
434
252
412
33
903
77
581
646
97
33
273
272
229
206
676
692
633
22
349
217
33
592
113
579
662
429
591
533
776
468
986
446
983
467
776
567
296
122
636
120
706
981
151
179
957
313
642
189
395
633
294
935
258
311
462
220
479
500
281
943
81
999
430
628
539
887
757
805
78
297
921
937
397
931
820
708
80
941
418
42
13
484
783
640
542
775
399
130
993
856
942
317
183
505
306
207
255
508
720
558
953
360
913
618
156
222
552
325
773
30
546
246
476
147
833
49
274
454
142
526
72
367
837
569
243
519
647
828
112
699
531
987
486
95
142
599
679
927
356
48
299
459
696
185
673
849
82
557
825
35
382
366
417
574
286
634
822
964
713
17
111
971
218
893
13
909
86
563
138
114
983
793
847
144
210
66
459
754
827
925
259
218
280
286
137
613
159
244
421
596
453
552
310
347
955
954
135
672
975
633
136
846
506
950
603
487
12
289
489
990
732
773
587
2
118
367
276
30
582
574
964
304
230
133
649
831
395
668
235
386
981
32
221
545
455
647
162
212
631
372
713
737
516
379
394
525
30
528
967
769
170
990
218
431
297
507
60
294
124
554
488
765
622
763
629
439
976
758
978
272
883
949
554
785
402
559
74
661
206
959
382
504
798
899
271
494
737
299
599
352
932
967
70
731
576
405
281
418
831
313
75
494
552
583
313
61
787
409
178
163
514
729
470
382
693
697
993
729
191
390
563
112
709
469
633
493
516
301
847
821
455
453
232
651
53
277
575
605
467
975
148
55
188
901
848
843
583
300
99
796
571
831
818
111
347
182
791
108
217
570
745
851
404
238
319
157
444
318
499
441
727
460
237
166
933
647
514
169
403
474
431
741
363
798
397
842
733
190
950
163
483
693
65
992
854
263
722
369
138
288
150
156
26
126
890
555
40
178
853
899
809
404
655
186
213
676
53
63
214
112
764
935
44
113
15
171
93
253
540
158
704
721
909
680
313
731
517
665
299
561
961
318
50
698
33
175
504
489
3
336
488
915
95
645
313
751
456
126
841
276
724
826
733
162
742
752
843
43
208
689
853
909
571
920
880
704
867
946
643
593
12
930
856
350
620
174
579
718
913
466
713
935
832
170
812
428
126
663
3
844
852
598
73
871
584
849
543
719
636
217
534
300
932
184
422
509
535
998
102
517
536
896
779
705
361
268
813
212
283
95
338
545
28
827
447
14
467
726
382
564
252
787
92
542
222
15
22
796
739
17
472
86
466
846
694
364
444
446
466
804
89
687
810
868
971
804
16
189
292
441
952
888
985
502
504
198
703
469
458
759
162
841
373
105
936
332
242
129
819
642
446
913
841
426
891
236
491
793
351
170
712
796
614
496
925
976
202
570
89
553
178
896
630
249
360
241
457
380
161
811
295
327
585
809
894
963
23
639
808
38
239
210
298
263
694
678
154
380
131
367
751
663
486
762
315
323
276
589
482
195
972
899
6
859
921
270
193
520
217
674
993
438
566
920
788
490
903
892
705
745
427
958
828
674
637
872
527
271
749
3
957
0
674
136
605
133
880
251
354
746
119
718
368
926
745
278
271
48
457
932
683
151
249
191
34
740
27
70
457
445
185
657
762
614
555
467
825
293
249
960
217
306
882
225
828
420
251
623
493
714
178
597
256
436
119
150
10
536
415
249
470
876
337
532
822
591
191
953
462
698
660
769
470
10
90
324
405
117
140
387
752
923
970
127
497
838
304
726
456
781
441
436
170
521
202
25
735
368
125
979
768
714
626
327
802
64
415
769
90
903
417
882
691
543
361
963
384
739
791
388
66
865
283
185
277
131
328
968
454
295
17
659
422
940
691
297
991
254
5
351
516
12
795
901
546
170
966
626
495
511
953
556
968
58
942
989
452
384
59
742
84
48
821
430
552
547
332
279
903
215
896
203
501
627
183
338
645
372
533
221
607
520
2
460
86
99
84
20
152
911
735
227
538
3
919
647
307
578
953
235
876
894
139
742
751
158
595
61
659
538
650
55
455
69
181
419
288
559
79
450
182
188
924
987
699
103
28
170
714
65
109
882
223
549
407
872
156
777
539
328
187
972
630
943
298
621
433
738
519
109
454
812
113
276
580
958
125
448
760
71
666
683
483
431
959
434
941
698
719
248
56
443
833
737
534
325
93
119
353
448
215
385
84
782
722
40
914
702
1
380
530
647
678
818
818
345
297
898
378
559
657
332
404
398
725
432
112
917
112
447
636
115
659
868
115
690
351
867
958
613
578
907
611
672
701
124
658
459
448
691
924
598
821
706
937
355
451
274
94
163
463
756
105
221
843
559
194
335
129
267
439
945
68
225
180
369
172
495
81
188
280
158
269
435
60
837
379
979
119
290
629
742
510
731
699
370
768
580
417
900
823
277
613
49
745
116
779
100
564
719
808
685
777
271
235
517
943
467
657
295
667
468
300
807
748
848
812
153
135
931
773
17
797
22
884
6
475
735
994
626
559
669
762
345
748
163
291
765
725
401
498
179
772
431
633
375
790
108
162
779
56
124
126
830
623
9
609
576
457
87
860
509
380
385
172
314
767
425
909
547
11
380
429
894
245
332
712
472
888
855
413
478
153
461
559
345
279
523
258
777
395
655
682
931
529
203
298
45
363
400
47
250
24
317
381
33
320
984
425
90
140
672
142
760
514
116
486
348
718
654
196
895
380
961
568
601
109
409
740
771
431
124
411
137
564
801
954
901
449
170
304
919
767
650
234
448
73
676
191
60
640
724
372
83
103
428
979
949
997
769
941
247
540
241
640
520
635
464
512
583
907
236
978
220
396
623
587
446
487
479
85
550
183
924
40
402
315
292
661
858
913
418
618
755
698
935
423
612
386
305
993
419
580
560
264
551
79
163
425
483
297
896
889
221
721
124
539
852
74
871
540
452
707
647
740
52
951
201
337
249
679
547
740
367
284
639
792
642
568
700
943
827
556
626
182
279
277
682
743
833
138
532
441
420
808
906
89
739
442
648
695
134
721
789
831
3
810
492
784
727
604
154
256
501
27
300
829
769
491
71
500
332
317
19
113
694
267
870
993
707
827
838
754
986
667
558
612
444
717
586
82
516
687
309
255
304
482
235
307
375
164
453
153
599
372
429
766
537
717
212
115
613
848
257
487
471
840
429
288
499
552
129
366
268
978
482
772
569
961
999
621
207
738
421
690
544
228
891
662
154
335
428
934
374
555
190
764
985
200
657
135
488
920
78
673
789
341
293
831
278
143
647
124
77
931
365
974
179
637
759
20
402
971
791
80
427
767
170
992
847
418
888
821
727
519
532
906
827
818
426
824
124
631
816
650
997
635
909
401
765
228
828
515
650
380
524
271
371
732
382
620
479
435
539
92
643
596
123
965
453
217
206
340
833
520
634
89
194
252
451
933
887
227
914
133
891
590
550
634
704
63
344
883
257
612
193
403
425
937
234
87
827
352
1
231
462
773
897
698
772
988
614
23
195
193
811
935
994
172
737
285
508
632
789
49
68
703
576
366
180
832
545
401
556
406
276
375
403
775
871
935
881
16
524
140
68
665
498
309
84
398
933
296
646
230
681
503
160
390
164
366
422
224
984
555
177
19
270
344
630
828
2
339
406
545
407
629
613
89
670
476
399
658
966
782
169
54
761
759
421
692
4
958
193
801
978
97
221
605
988
65
258
137
615
530
417
302
923
977
372
792
233
525
600
67
498
94
963
540
942
902
976
402
104
190
292
704
579
569
35
247
765
763
972
202
294
833
306
300
113
247
676
32
643
164
13
337
791
709
762
447
953
918
862
147
796
429
625
939
371
303
684
780
471
419
834
586
653
494
360
408
626
224
720
550
549
312
113
300
23
906
867
196
512
859
970
563
487
147
819
69
962
136
812
664
911
521
331
525
364
481
195
777
965
847
991
22
131
892
880
195
654
992
174
92
770
978
428
545
315
786
203
401
354
350
941
276
3
63
135
11
663
819
934
516
370
220
75
519
413
219
130
647
950
619
972
886
39
373
968
266
481
112
471
83
180
96
546
142
400
539
891
808
237
851
583
512
432
427
836
283
322
272
660
789
653
938
662
357
985
43
279
605
300
55
892
46
871
364
520
1000
278
106
499
990
25
465
792
777
541
518
774
497
425
480
574
954
499
260
69
867
388
336
507
342
198
712
18
362
66
247
367
303
808
493
897
900
419
406
651
600
373
127
751
332
188
788
243
163
488
450
350
82
510
285
240
494
119
761
198
730
956
662
758
68
819
190
830
36
616
162
184
289
149
617
909
573
971
30
175
421
313
340
304
479
932
324
465
208
600
728
524
808
361
839
680
668
702
298
958
77
385
579
222
657
32
775
842
476
713
155
646
584
131
425
258
570
510
263
710
267
794
58
841
87
11
68
370
942
214
466
96
912
73
237
683
325
206
908
123
567
43
873
834
13
598
687
381
615
974
75
128
35
238
284
809
975
626
148
555
99
303
10
204
864
41
65
755
779
729
164
464
263
72
303
200
180
329
677
230
854
15
940
887
789
885
981
99
910
13
174
747
109
175
536
786
514
292
893
749
688
808
763
463
169
477
998
784
108
980
601
675
966
126
849
662
552
713
973
280
828
415
236
538
586
13
464
867
982
856
780
40
327
706
628
997
218
502
164
138
526
371
12
779
90
317
186
150
701
52
210
219
576
552
129
742
674
434
325
146
614
882
814
683
999
436
866
291
513
355
164
529
772
232
32
347
54
798
841
556
461
537
247
253
614
18
143
563
917
233
283
405
842
967
759
550
84
967
311
784
127
245
152
993
158
310
986
758
386
222
108
690
723
637
660
834
24
769
347
776
22
497
290
265
982
519
896
978
230
413
314
788
972
710
637
224
850
835
453
842
269
422
551
375
722
671
635
45
417
25
157
377
756
559
839
489
342
273
72
960
82
622
182
181
549
486
799
365
496
727
495
644
138
997
999
712
541
329
518
270
42
262
162
134
701
465
131
84
693
587
379
945
371
806
764
29
114
169
305
143
849
933
183
376
253
877
446
998
85
17
902
916
675
976
677
333
657
105
232
544
209
689
795
703
974
945
892
200
41
737
305
274
581
82
80
155
121
482
235
264
3
444
870
109
539
784
982
477
273
699
675
790
996
811
65
826
156
770
262
355
272
707
182
303
835
865
255
36
346
489
148
670
2
952
497
134
405
79
417
758
526
512
557
167
577
119
694
311
679
438
606
843
801
204
689
2
182
76
415
76
798
555
778
984
598
64
416
373
985
446
832
570
62
196
902
437
178
712
346
514
877
681
36
793
646
14
245
733
312
690
218
452
341
874
867
794
626
313
371
433
998
163
153
949
218
567
820
576
84
77
514
873
916
294
283
418
540
435
186
121
389
308
985
589
714
360
100
877
607
594
252
246
727
459
369
288
42
694
486
340
821
683
902
546
834
411
711
672
422
229
68
997
835
287
756
603
673
721
942
307
915
645
862
470
126
756
355
406
455
321
14
706
547
80
830
220
912
249
806
878
448
242
538
704
881
674
952
793
33
552
23
940
361
6
193
732
423
711
356
906
977
11
19
680
890
771
865
644
370
965
574
187
67
917
429
416
780
497
377
575
273
118
278
306
485
719
466
506
714
56
337
433
807
965
184
191
388
269
74
367
19
844
330
659
284
700
676
765
535
704
838
110
210
143
61
938
342
620
12
158
843
998
514
618
345
172
12
182
744
766
296
538
815
164
741
889
779
400
315
236
940
678
137
453
29
342
840
59
33
234
595
546
971
202
158
736
906
597
883
647
647
412
853
312
657
708
395
822
250
756
133
175
930
198
158
961
593
414
438
945
475
302
60
782
420
14
578
822
299
368
565
196
979
894
468
81
803
309
372
910
45
586
416
192
97
523
964
953
969
358
5
645
917
969
930
46
479
80
397
9
555
337
470
363
779
29
323
344
439
890
177
515
656
516
336
207
649
807
103
242
174
140
135
686
308
193
357
797
494
328
311
645
64
903
411
116
308
399
459
159
207
133
595
114
774
889
611
577
620
549
420
649
471
678
956
89
857
155
842
400
225
50
235
611
652
703
520
837
50
701
270
733
230
296
849
886
218
512
441
508
109
711
62
639
514
460
391
468
913
166
331
273
439
966
381
522
992
943
339
191
783
385
94
605
113
884
456
831
872
105
117
156
197
51
993
270
855
135
502
779
324
386
343
380
653
65
174
408
143
111
526
848
595
230
461
731
859
223
684
697
646
813
248
794
14
812
434
380
211
863
383
59
476
816
875
172
865
379
234
486
330
688
691
989
475
897
993
78
805
813
621
932
889
178
848
987
341
211
645
980
933
49
155
386
14
964
822
582
224
613
152
363
176
775
33
735
840
186
512
282
588
952
393
571
792
969
341
821
696
704
388
926
517
969
766
684
574
618
134
625
730
249
139
382
132
490
149
470
177
603
437
14
106
454
379
300
995
206
559
688
238
504
662
53
257
259
840
949
365
188
732
282
868
28
405
116
13
943
347
703
163
664
637
166
642
457
13
116
174
614
105
12
512
930
764
206
21
457
925
531
493
188
591
845
741
704
239
81
321
435
321
47
638
655
964
545
416
276
10
83
885
264
821
630
391
353
223
332
470
140
214
90
349
189
984
501
351
873
784
659
48
637
803
927
532
947
940
765
383
40
421
638
943
569
143
97
547
990
933
182
936
847
800
347
400
52
638
298
702
242
796
459
668
73
397
810
935
522
816
379
468
550
872
996
853
79
758
519
151
937
549
693
679
624
583
787
357
802
392
975
524
228
103
542
575
940
970
61
218
905
79
537
257
789
177
883
611
634
227
613
501
779
644
841
885
89
151
992
687
554
442
352
616
928
622
214
697
252
161
962
50
761
766
560
165
497
75
166
671
169
4
504
960
554
712
955
26
869
219
928
806
609
177
275
608
638
208
389
452
632
313
406
230
381
77
213
205
872
424
371
652
65
994
201
29
879
252
92
139
600
0
628
902
114
159
520
912
717
811
565
669
659
922
456
716
982
233
717
513
834
962
636
391
751
247
845
863
190
740
826
968
327
447
940
12
649
379
56
219
584
504
964
766
743
284
375
542
48
628
610
332
577
787
680
81
657
380
711
267
693
147
148
680
440
485
272
400
301
209
414
593
1
889
161
827
682
146
547
462
787
223
493
264
551
893
361
0
239
382
323
847
864
215
491
446
740
778
328
727
844
546
861
277
442
702
895
707
231
334
847
390
616
431
861
754
93
918
814
831
416
862
919
496
408
280
216
198
213
906
664
192
1
115
994
37
865
447
144
578
483
661
125
802
556
776
383
719
506
429
837
485
69
506
11
892
64
232
222
114
732
580
554
455
400
938
973
135
482
904
690
8
406
926
863
272
937
524
71
333
378
9
156
789
757
480
971
870
780
268
443
811
507
511
294
926
565
472
217
885
267
26
379
495
398
294
63
886
351
510
167
213
439
408
900
758
420
564
59
52
780
770
829
155
612
415
837
68
608
902
159
12
868
814
880
880
650
784
124
646
850
786
778
965
402
663
124
839
196
497
751
68
508
780
783
771
951
644
735
29
265
160
568
801
940
474
537
92
611
120
705
758
940
612
888
490
791
73
750
375
360
220
590
42
376
493
152
787
8
200
628
633
329
32
40
281
107
197
752
410
115
481
302
361
652
391
279
180
448
61
99
360
843
317
67
781
897
84
224
832
975
255
529
177
232
556
388
530
364
167
822
22
633
71
637
657
895
484
446
481
466
543
789
807
372
0
774
704
936
47
117
875
350
332
942
649
171
799
709
747
472
720
7
501
216
238
689
306
856
418
503
924
377
0
220
297
621
481
295
206
650
243
411
265
129
481
862
56
619
526
1
239
899
758
915
148
935
660
468
932
824
936
139
134
401
546
267
675
798
954
328
19
69
667
89
723
608
514
519
167
882
462
172
912
123
873
661
959
424
324
983
900
853
62
801
132
436
162
878
209
5
809
460
21
434
815
35
77
389
378
238
724
231
707
757
2
487
848
878
230
273
211
373
878
538
4
652
938
812
278
971
579
543
585
433
102
332
65
549
362
195
117
18
592
59
949
879
889
136
330
272
605
259
604
990
554
614
739
111
184
600
987
731
74
591
964
993
359
982
177
439
245
659
286
489
546
652
500
135
513
692
916
37
684
964
54
515
438
574
522
368
60
855
207
395
263
874
311
81
113
252
610
654
33
825
311
456
626
417
230
800
855
949
287
587
555
229
244
88
829
570
645
161
30
255
278
807
612
768
313
272
271
543
711
445
903
627
368
686
234
620
864
501
924
588
579
548
14
668
574
467
338
538
473
16
34
140
742
184
197
995
273
364
690
485
117
804
360
813
733
253
747
919
704
964
394
793
122
978
539
462
882
456
561
724
713
880
910
365
939
7
683
411
484
232
587
593
209
400
850
733
687
455
917
497
677
65
710
829
856
69
512
757
265
627
973
160
220
99
849
815
883
27
863
952
92
893
208
341
274
596
353
396
716
371
473
964
713
43
83
319
686
23
507
214
471
245
337
741
746
554
139
871
331
523
701
66
805
670
136
487
47
448
606
52
345
168
693
331
349
866
223
323
826
632
853
191
705
630
732
364
202
599
711
242
816
976
575
233
631
455
787
247
540
230
117
983
390
594
149
945
483
616
84
572
577
390
478
224
812
388
257
972
566
675
713
30
929
359
749
729
648
604
852
131
688
814
175
101
163
966
668
987
370
68
741
38
242
708
333
483
344
167
869
824
808
731
924
444
710
982
123
965
811
666
59
528
168
10
176
954
194
128
255
294
338
687
936
656
741
926
321
330
187
986
48
861
85
987
237
651
104
786
206
56
42
526
228
351
529
736
454
38
458
837
254
207
756
554
841
193
518
383
44
569
995
294
491
629
385
673
287
266
669
308
664
971
196
497
160
921
470
71
381
210
896
453
965
178
427
268
737
532
183
861
713
192
649
490
133
121
80
186
768
136
242
384
611
481
202
293
637
784
969
79
121
637
493
458
327
456
496
50
437
666
521
801
736
459
91
46
521
266
973
990
520
750
708
442
144
425
338
639
871
584
146
356
245
151
284
491
525
798
970
336
522
24
21
486
527
456
480
589
87
219
721
301
416
128
510
881
812
34
197
494
365
279
302
382
966
107
464
219
871
651
673
540
446
124
855
435
289
781
954
734
966
780
527
79
892
569
924
949
40
214
326
333
547
170
156
996
534
238
510
141
306
148
416
574
740
951
177
533
754
870
189
901
978
981
717
988
292
893
554
725
617
595
128
339
74
708
48
760
307
625
252
657
897
826
941
424
19
369
288
903
560
837
615
669
310
793
647
356
60
992
629
95
162
355
514
304
253
874
171
640
558
451
201
239
617
837
171
894
223
960
411
888
71
646
52
588
705
916
579
969
3
881
205
599
158
180
186
739
523
580
652
10
970
8
943
15
527
226
930
136
425
543
365
924
9
641
468
208
462
392
658
601
664
572
781
914
407
338
721
8
413
882
586
113
880
118
242
487
624
692
761
642
948
76
179
607
694
661
627
278
157
898
247
896
384
678
160
939
805
856
715
727
731
690
757
610
40
811
242
100
664
777
203
792
120
725
259
572
996
455
589
786
667
122
134
72
848
356
706
372
880
749
537
779
938
605
770
564
916
851
741
966
766
157
765
677
402
408
186
225
41
597
123
744
892
615
993
120
129
801
415
37
534
695
807
147
494
144
749
43
718
93
168
675
106
28
551
770
583
306
542
118
610
330
128
49
489
856
544
478
673
126
167
531
933
644
714
554
283
57
333
83
232
513
472
234
128
740
671
563
470
44
916
640
318
720
147
201
493
274
962
969
199
454
818
769
841
11
503
533
486
79
700
583
809
937
830
646
469
545
656
972
497
55
397
695
325
556
200
377
361
350
539
181
613
390
985
12
689
5
512
53
705
832
202
412
435
531
513
631
659
477
181
795
939
43
410
909
575
831
376
219
762
713
933
543
715
268
87
151
15
965
774
952
666
38
762
639
392
825
387
963
453
397
226
543
444
200
422
444
129
874
265
836
295
240
134
913
876
28
976
237
931
689
944
74
705
43
819
567
504
874
614
878
941
780
46
33
166
458
775
961
422
139
12
977
446
613
311
47
686
956
845
563
237
169
262
457
614
817
128
117
13
441
355
852
148
238
830
22
148
887
640
260
557
6
996
65
668
864
824
441
485
303
193
60
612
876
301
339
305
867
395
280
34
658
4
463
855
29
56
621
495
78
414
963
93
375
855
882
737
118
680
201
528
97
698
904
642
877
824
982
104
15
764
80
830
25
345
146
134
593
656
43
482
760
564
865
960
272
188
184
540
458
302
145
571
295
79
667
52
678
667
855
199
308
297
361
381
366
804
823
584
709
872
585
339
227
874
667
448
775
807
253
414
447
981
359
899
945
118
518
251
449
817
953
589
360
785
545
157
898
620
290
673
8
775
548
79
141
999
200
173
755
74
880
511
601
668
499
943
40
404
717
909
794
892
592
194
56
950
445
864
158
550
223
480
242
938
752
164
299
872
268
960
334
777
638
857
156
718
6
342
573
5
748
55
318
863
848
46
767
40
724
804
300
249
926
386
255
861
334
243
863
2
6
817
763
70
256
721
256
584
655
867
810
70
328
995
452
807
953
978
264
126
214
750
548
203
797
633
157
448
859
18
351
425
176
258
28
631
687
609
783
960
817
68
970
696
829
881
481
846
398
958
11
633
317
922
471
835
205
793
693
686
661
470
27
65
218
728
584
93
556
578
302
320
166
956
361
340
625
247
585
84
962
163
593
541
699
712
517
736
288
459
663
40
958
470
873
133
453
190
980
569
452
333
85
45
503
172
555
187
260
15
319
316
278
74
388
313
288
933
900
104
656
783
208
979
84
731
331
497
639
494
154
299
750
118
351
389
659
431
612
610
92
853
316
606
85
272
500
188
659
607
976
280
208
902
388
326
744
819
977
942
672
339
89
795
700
426
745
830
852
516
829
347
934
857
285
269
0
736
419
232
368
617
508
169
758
659
879
721
963
882
557
586
274
804
557
140
447
319
295
832
29
266
160
158
138
874
196
798
556
955
97
625
755
525
130
440
139
106
253
46
843
791
844
478
200
248
420
702
493
648
855
997
809
383
19
504
251
262
642
880
304
793
668
251
173
531
812
688
928
461
176
951
302
321
392
501
339
764
453
267
2
617
205
456
115
965
903
16
770
544
96
521
315
815
418
407
216
912
892
441
325
337
286
594
401
350
519
503
167
897
582
285
820
558
907
275
944
871
68
37
643
655
994
290
569
824
364
132
963
100
404
580
714
990
555
899
208
909
860
618
942
208
76
14
494
138
950
924
318
256
123
203
182
449
904
740
840
335
196
939
582
184
422
36
371
35
309
304
395
520
868
534
200
449
716
877
277
991
578
214
812
62
3
446
972
95
191
467
957
488
784
854
745
780
975
530
931
867
555
512
477
969
472
799
882
237
548
444
619
93
265
355
673
303
686
719
896
121
301
535
693
42
402
988
739
397
70
379
155
168
661
347
335
401
228
560
804
250
198
651
794
1
927
374
714
788
650
898
984
823
967
120
823
512
148
251
7
522
631
496
539
40
512
754
309
760
469
664
784
713
46
583
244
584
130
442
306
493
302
892
857
417
422
408
570
823
885
648
682
695
89
357
541
454
148
39
400
511
7
71
975
428
622
124
578
333
813
982
124
226
666
120
882
208
383
242
727
83
841
992
27
390
683
388
592
707
732
14
657
70
982
102
310
733
125
655
641
507
919
795
9
168
85
132
595
908
299
732
574
935
192
792
207
716
80
586
64
338
49
375
884
30
450
900
699
57
343
488
727
500
501
991
205
208
418
207
200
132
632
187
425
583
178
754
188
38
212
832
119
488
946
487
34
232
368
385
175
591
904
3
628
844
122
237
743
452
334
277
514
146
716
104
467
242
578
708
529
689
157
439
43
604
171
372
780
729
438
190
812
673
875
881
586
280
921
908
111
413
18
593
900
517
152
628
550
654
704
537
77
898
56
908
779
939
520
248
955
107
617
719
858
236
590
490
733
748
188
986
798
569
318
875
607
224
778
745
431
446
456
992
139
120
285
166
513
360
205
638
647
710
737
545
476
517
195
536
352
594
965
691
914
708
202
217
852
282
846
768
670
536
688
144
541
906
621
780
977
641
374
115
407
575
581
254
563
642
159
447
600
632
984
507
956
375
46
201
178
734
138
127
953
571
530
391
317
209
636
205
210
179
662
627
987
405
39
943
261
318
232
927
495
746
210
358
212
966
911
755
813
577
936
291
445
442
976
332
823
377
189
381
799
48
492
608
90
39
225
326
783
745
995
568
713
512
966
95
795
987
561
374
509
394
488
715
604
379
484
242
85
193
360
748
655
490
589
592
470
304
929
130
811
102
693
33
454
115
502
402
558
473
645
777
483
19
993
26
244
761
255
265
935
698
636
83
825
37
158
785
33
358
552
119
220
842
616
703
795
573
639
241
692
840
816
92
625
289
180
67
179
228
150
335
967
821
163
803
298
885
493
502
630
681
214
967
194
43
599
17
382
598
812
232
954
942
458
360
977
555
688
228
51
953
715
905
328
635
93
588
473
420
23
8
120
443
448
683
233
984
991
258
665
509
349
116
558
230
836
858
690
418
946
8
724
78
55
587
762
376
978
774
700
431
991
418
362
463
394
553
533
93
124
142
908
191
358
16
905
768
695
871
887
258
728
170
392
644
382
82
433
58
248
479
260
516
414
303
885
115
218
827
937
751
927
240
520
711
101
698
869
690
964
420
282
251
414
10
114
838
210
964
968
500
400
919
707
346
884
594
861
169
855
557
824
316
916
12
432
0
630
856
803
674
832
972
548
39
365
148
32
902
812
636
210
950
957
253
407
435
801
106
393
553
349
45
875
625
939
947
903
2
391
138
62
437
736
30
867
224
941
642
93
144
493
267
323
30
533
909
276
934
549
45
647
208
16
671
846
709
801
24
727
835
601
698
685
631
533
301
157
806
344
743
536
548
118
905
305
547
907
787
541
868
490
52
437
992
767
203
986
206
824
42
873
89
527
311
404
734
719
503
479
986
947
541
907
125
281
355
756
914
268
641
19
921
277
898
527
360
561
505
814
670
612
819
704
323
678
701
838
418
919
335
855
120
503
110
585
715
328
564
608
402
179
75
6
94
708
634
726
858
751
748
84
745
167
29
818
812
677
234
157
627
283
862
64
174
551
424
713
699
777
468
347
324
724
132
449
769
735
982
261
168
592
526
227
700
303
944
717
759
339
501
173
776
710
323
824
491
713
869
459
744
80
649
650
241
289
211
879
879
51
331
96
390
456
795
6
541
886
136
736
603
365
987
866
890
659
208
718
390
334
128
693
803
343
734
395
986
353
829
261
381
137
900
308
190
368
11
745
345
198
222
89
513
958
718
326
954
736
196
382
130
722
571
242
854
402
904
866
64
25
585
325
194
635
894
588
709
662
392
869
671
565
235
374
507
574
277
950
86
112
426
213
975
27
419
807
437
238
291
385
156
1
520
715
541
3
630
687
191
87
697
926
519
598
287
701
821
206
300
10
814
576
402
410
77
290
633
55
410
199
737
874
817
284
608
272
344
845
666
241
453
205
302
696
33
302
542
57
850
524
314
399
641
319
92
850
650
34
937
949
398
990
403
604
918
298
85
231
548
332
954
31
708
750
108
890
190
784
970
947
155
95
433
811
23
562
548
199
584
312
168
522
248
673
431
338
306
132
124
356
929
514
7
161
572
96
892
910
134
752
703
325
748
256
814
304
910
27
616
467
124
650
515
90
184
838
283
645
373
480
962
784
992
430
782
517
615
272
783
952
610
112
990
523
315
48
731
72
600
525
480
943
272
347
359
152
946
371
55
953
217
688
564
224
124
615
560
649
146
806
181
539
879
442
912
415
657
291
761
220
797
583
477
132
966
385
697
627
827
413
381
93
901
684
857
288
133
28
867
445
208
721
255
176
846
242
235
478
623
771
448
809
694
244
506
284
606
653
9
374
142
579
259
444
278
425
811
320
688
68
805
163
925
695
44
187
894
740
447
194
710
142
607
97
377
762
783
521
115
809
838
341
984
471
295
915
154
500
514
95
146
961
909
108
461
617
849
515
301
194
888
490
349
483
530
638
154
339
447
886
319
485
142
292
78
300
250
436
369
871
885
960
309
836
635
782
165
16
818
689
489
157
386
941
16
363
252
571
919
744
156
491
363
676
757
354
646
345
709
396
361
659
305
113
272
375
486
441
694
288
3
807
438
886
671
590
595
759
392
576
615
407
772
103
460
358
899
459
318
278
153
349
636
830
285
850
361
396
273
719
866
991
280
184
698
179
678
724
672
72
747
966
947
198
434
650
822
312
833
175
423
407
980
396
328
619
449
518
840
551
886
464
860
585
784
869
601
194
669
60
68
963
885
881
747
311
63
378
572
528
85
663
274
462
753
810
936
780
251
44
0
755
741
0
593
293
12
288
936
779
509
255
357
695
655
709
729
648
159
912
131
256
223
602
386
339
214
65
111
748
681
883
772
439
639
849
887
643
113
219
703
304
294
748
894
607
344
452
757
170
311
419
540
924
551
586
821
953
788
862
401
813
601
718
380
366
8
524
559
931
255
888
437
757
592
488
548
554
608
388
56
212
411
579
915
30
761
252
65
762
899
628
759
700
183
92
729
129
469
437
187
749
847
147
476
83
764
564
246
510
626
121
285
518
540
557
164
932
179
844
743
195
225
52
674
574
888
968
46
515
291
890
544
346
318
381
829
9
539
240
785
7
439
154
480
197
420
73
174
891
938
907
498
635
761
255
679
472
553
445
715
936
157
957
35
229
574
418
436
996
998
274
934
599
330
673
948
442
671
71
32
734
394
189
12
814
509
62
278
142
231
435
640
49
643
231
454
742
502
617
894
205
634
200
473
91
828
298
817
344
321
598
716
220
276
89
227
969
696
563
856
221
79
91
194
750
30
897
592
982
587
659
635
610
165
329
418
639
779
24
94
30
192
317
414
881
211
538
109
96
639
97
588
535
884
691
956
754
997
741
518
2
738
397
227
827
298
295
394
157
236
235
228
569
255
891
95
365
103
522
236
764
728
633
792
372
921
552
364
264
208
534
827
268
312
619
218
192
191
358
368
904
342
526
863
383
340
803
175
399
751
156
413
437
450
165
705
4
376
122
876
836
62
43
694
47
456
382
285
965
749
795
424
713
588
427
954
535
569
363
597
718
705
393
90
65
185
599
621
462
10
598
887
734
766
488
687
533
537
874
572
589
245
455
627
199
636
878
226
581
523
29
417
480
760
542
778
738
425
65
666
5
169
242
347
766
969
167
908
86
12
447
718
377
3
629
13
641
82
847
173
566
870
555
429
957
918
147
227
16
648
169
589
76
715
711
120
730
863
310
197
907
871
359
470
670
863
351
520
238
934
413
82
431
636
106
95
754
876
91
198
710
695
884
337
523
151
925
88
396
301
25
542
822
700
334
403
597
428
310
1
908
454
317
692
499
822
271
925
452
321
405
390
873
424
219
730
764
370
232
330
542
791
624
948
626
61
567
901
798
871
197
612
510
738
255
170
169
938
757
806
363
213
530
238
671
785
315
624
569
564
469
819
729
756
969
141
87
736
923
225
760
404
803
950
103
943
160
923
671
101
484
878
276
511
627
528
479
473
587
568
256
364
191
696
512
192
929
460
510
616
514
488
588
187
788
734
397
978
57
221
714
286
759
880
541
719
594
676
708
722
526
332
169
312
987
464
795
151
655
554
140
864
897
698
559
724
471
292
871
913
46
115
36
396
423
960
625
456
816
78
174
615
619
758
674
264
496
130
290
321
241
387
996
307
105
369
711
45
489
974
489
806
831
317
871
552
368
176
984
327
889
144
548
862
721
880
400
437
340
579
414
52
223
363
208
878
48
887
109
198
348
201
685
552
942
838
736
709
809
182
756
237
752
905
997
474
447
291
15
910
335
902
157
159
707
594
576
677
630
602
368
408
797
726
516
739
926
660
666
452
771
832
957
572
678
718
784
228
246
707
42
784
465
986
479
814
304
53
503
628
333
383
543
739
105
680
352
942
132
593
278
173
840
923
392
998
21
449
58
134
135
345
645
117
660
478
979
740
149
454
62
717
880
949
199
863
33
652
837
878
617
648
560
66
311
562
486
152
250
893
707
503
3
865
16
516
865
329
251
43
766
793
51
262
486
509
223
302
592
614
141
333
604
70
233
734
17
992
463
677
203
149
930
241
385
520
999
596
893
409
835
937
391
235
730
608
236
941
191
890
770
628
367
583
864
265
379
805
449
699
535
200
269
6
158
313
677
108
22
916
824
370
434
352
986
103
156
951
822
670
696
803
665
839
431
589
191
889
448
193
83
292
428
340
828
114
39
456
696
470
946
655
557
637
11
584
921
8
216
447
758
257
648
975
228
111
99
639
994
153
861
187
199
776
921
160
895
845
95
140
638
146
256
833
13
784
765
60
620
758
988
218
382
586
403
229
274
621
123
793
651
766
503
168
889
202
523
440
321
50
153
22
974
336
728
689
868
908
61
149
678
948
4
757
172
910
939
492
676
88
717
333
353
98
209
859
927
824
765
242
304
512
673
885
968
717
196
262
444
193
964
350
996
581
471
522
405
896
113
615
894
156
268
963
92
58
254
999
84
352
428
533
84
551
123
619
20
934
144
736
142
72
703
475
944
409
309
712
697
107
410
389
853
750
417
566
547
893
933
169
429
861
422
208
898
622
812
947
112
151
186
546
117
304
505
70
848
26
381
883
589
129
827
830
849
695
990
117
792
533
387
58
478
463
254
107
566
149
288
542
573
763
517
964
1
739
645
812
20
827
984
646
953
763
601
961
81
339
414
684
770
896
532
491
193
233
893
412
609
218
945
251
893
525
805
282
359
234
297
443
748
872
775
408
356
339
596
168
447
734
917
325
559
328
154
274
953
696
293
379
354
40
814
301
716
95
853
453
99
42
622
812
508
180
926
806
41
193
190
164
33
20
598
746
576
925
109
466
19
206
803
443
824
308
224
997
57
179
398
99
979
110
149
732
19
955
516
960
204
746
360
978
513
138
476
733
337
830
483
934
525
546
596
629
284
614
510
361
998
259
454
311
594
53
912
482
195
965
78
598
249
450
439
441
698
446
718
587
529
814
236
768
454
81
329
624
502
481
236
946
533
437
704
483
474
610
117
790
365
222
162
599
681
500
896
218
126
448
329
66
167
543
361
785
781
112
733
155
73
352
246
876
134
14
131
945
929
638
725
54
838
909
173
992
800
733
886
170
432
740
381
351
900
900
404
681
41
354
776
325
246
198
509
342
401
495
239
37
397
907
706
53
350
407
760
355
209
469
410
140
837
93
366
439
498
334
270
7
1
135
231
386
257
607
179
558
65
234
932
560
600
305
683
270
377
28
13
821
279
679
698
253
888
158
143
809
180
608
195
55
13
588
243
446
510
827
373
236
549
856
358
280
580
486
855
598
493
240
572
167
940
797
319
61
146
806
212
48
513
433
423
973
648
966
277
566
646
865
955
901
186
389
629
679
784
894
515
207
704
629
800
833
969
703
282
766
642
364
494
968
723
975
323
755
535
908
675
753
738
997
475
635
809
271
912
591
321
657
914
876
317
484
454
314
405
329
216
1000
264
124
753
547
222
45
119
572
718
1
556
43
601
196
501
673
347
252
190
108
594
0
771
485
529
791
451
634
249
944
277
181
76
652
687
613
500
829
98
982
328
499
854
263
660
795
42
35
18
836
84
876
38
66
382
110
349
253
47
350
202
358
791
47
754
617
358
174
352
922
179
832
646
651
408
203
488
296
725
347
195
908
7
185
499
411
320
81
861
879
651
648
640
564
134
174
864
58
349
111
56
415
793
6
403
633
388
687
247
273
498
510
470
692
15
45
388
661
11
693
776
275
764
120
90
394
823
631
143
903
149
431
323
851
22
804
18
698
154
914
559
634
98
706
994
605
423
715
762
138
4
675
659
250
485
661
432
139
738
875
460
828
803
980
677
478
907
273
324
676
557
386
164
564
963
998
178
12
355
504
955
179
857
110
5
262
429
196
621
61
480
507
405
439
88
405
533
129
725
616
94
182
241
341
155
326
853
351
915
782
484
639
887
73
706
667
727
297
303
157
16
588
501
704
449
855
417
213
76
753
63
365
80
523
106
778
405
0
771
726
365
935
596
4
133
514
721
575
684
169
48
309
494
71
690
708
995
453
494
850
794
748
397
258
953
296
367
431
904
570
820
793
892
256
295
154
532
257
764
398
516
111
129
772
81
351
824
722
752
248
608
384
900
195
67
703
973
711
197
135
17
328
763
988
982
676
904
580
243
558
17
991
305
827
605
880
583
65
610
420
656
383
533
92
387
885
809
414
811
301
787
283
920
31
563
43
438
778
912
759
181
233
305
185
962
139
849
699
771
855
275
72
969
37
930
397
473
462
439
581
112
672
652
672
494
284
721
579
29
904
820
714
44
163
607
570
61
49
867
105
339
56
572
216
631
74
357
257
529
141
238
570
763
709
138
17
357
129
845
407
85
506
36
915
44
316
988
397
295
110
193
1000
177
714
571
691
945
978
425
751
197
200
886
691
776
956
32
525
746
957
975
975
460
854
952
397
931
685
273
807
875
162
375
562
323
617
351
988
397
443
49
635
446
407
502
294
468
592
771
474
390
179
147
744
979
164
891
201
84
734
35
129
678
111
979
352
337
145
147
534
702
276
989
597
219
3
29
938
742
207
606
635
261
346
769
238
587
449
411
537
412
154
965
97
621
764
950
674
984
318
824
701
433
625
995
9
376
840
488
610
141
710
842
515
133
940
22
858
375
814
266
272
318
187
849
17
648
675
996
197
434
931
878
523
69
250
307
742
383
541
292
683
924
936
454
421
481
915
532
523
118
227
284
675
751
270
568
198
765
219
0
460
955
992
33
132
251
525
727
22
521
852
972
49
968
104
270
183
997
575
464
189
263
954
425
898
448
627
872
277
111
368
709
126
140
340
856
528
565
824
915
0
553
947
40
8
840
273
334
594
487
370
171
943
450
786
383
956
447
583
959
907
512
245
874
640
512
286
306
12
649
224
461
786
533
532
497
556
71
867
489
50
870
813
923
798
247
14
99
62
596
250
105
403
552
746
149
751
150
112
76
356
107
389
964
369
727
32
23
712
848
906
609
137
446
663
904
486
420
833
322
612
8
6
339
447
794
652
755
61
794
307
930
973
453
773
169
871
850
145
704
645
653
180
466
172
460
593
552
273
764
821
618
267
370
272
200
69
799
919
71
881
668
447
681
674
721
89
546
415
530
59
369
303
666
114
896
499
575
122
958
787
381
431
394
571
180
388
878
22
818
11
394
639
773
843
322
606
713
294
432
162
180
655
414
143
786
778
721
363
614
830
483
446
680
693
146
604
361
951
108
552
369
489
343
712
234
915
421
96
312
564
620
3
963
434
874
46
741
18
509
546
33
263
258
998
137
272
117
227
918
727
250
654
981
79
87
778
368
467
822
379
848
389
402
27
337
552
39
384
445
608
41
413
313
8
265
814
70
819
619
484
908
807
652
267
659
838
741
205
574
528
185
964
845
494
956
247
943
755
876
23
981
489
126
24
474
198
811
791
897
243
202
890
815
394
912
549
462
269
983
34
330
707
704
699
854
437
155
557
328
487
224
210
138
354
883
80
66
282
537
564
489
206
283
740
724
286
540
638
492
492
122
935
964
737
146
475
591
883
934
46
505
45
342
397
459
713
890
978
978
843
212
930
816
42
608
767
627
698
228
598
384
534
618
892
718
222
336
908
572
427
693
86
949
168
594
140
617
107
407
760
223
242
844
171
979
725
285
280
451
52
605
599
537
762
215
428
755
389
814
800
537
686
84
826
969
672
952
832
694
270
422
939
282
918
857
73
736
863
461
84
418
324
692
626
590
72
549
399
64
125
373
601
730
293
157
560
269
561
758
935
633
163
863
877
173
169
274
789
998
704
964
229
603
975
101
643
490
791
696
123
49
987
768
311
915
223
347
42
973
756
845
560
591
304
10
663
232
843
136
146
684
466
773
203
327
102
596
734
275
478
946
528
593
141
23
760
847
44
78
725
895
390
345
976
152
947
941
264
252
391
104
661
772
655
609
174
435
580
115
932
510
556
825
900
944
622
801
187
270
494
414
870
703
719
256
261
114
23
184
265
815
738
630
199
729
352
65
132
921
22
462
841
42
157
159
278
134
945
474
247
924
559
274
170
970
930
678
599
600
170
718
123
540
658
946
300
212
920
780
524
368
475
964
898
602
379
494
548
721
431
634
2
652
66
656
2
624
730
379
603
989
746
193
113
101
836
108
315
68
372
580
14
959
417
921
538
601
562
578
368
763
500
451
161
1
622
499
78
842
667
951
112
941
566
563
256
586
172
469
809
250
951
503
268
453
467
829
499
678
73
802
919
203
625
609
293
11
726
900
620
652
454
149
951
304
936
206
67
553
594
480
963
703
468
289
422
509
542
126
895
699
917
678
706
631
128
573
257
436
807
225
194
938
254
111
652
152
724
371
168
576
145
441
628
251
667
154
696
341
496
233
38
997
774
945
30
373
811
799
82
409
148
485
257
169
220
48
482
115
186
945
966
240
533
37
442
149
40
43
632
88
878
498
486
501
390
647
870
31
993
811
632
965
292
69
721
34
74
211
583
837
43
700
690
655
74
101
528
567
348
204
408
625
165
928
304
248
622
110
776
603
412
82
632
144
225
832
965
101
615
686
227
431
670
53
106
780
535
693
304
538
355
199
685
431
209
303
969
922
448
885
147
147
142
746
895
78
527
296
520
741
42
826
427
378
435
324
430
810
998
663
81
825
424
869
300
810
160
845
110
916
363
497
86
445
303
378
127
733
520
662
806
497
84
17
286
720
788
674
361
471
719
0
524
49
369
775
263
613
616
81
307
845
567
704
202
369
605
736
615
986
715
237
424
173
747
755
73
922
714
704
634
770
461
438
132
990
667
726
889
754
934
360
13
522
158
812
522
260
212
761
274
753
228
822
825
805
371
996
689
23
352
50
979
259
901
119
795
639
555
705
189
963
433
690
920
605
312
105
272
332
953
663
117
942
844
408
488
358
593
401
590
739
254
899
628
619
439
3
373
38
997
848
804
403
650
169
206
974
983
720
306
903
238
757
551
339
285
197
56
858
889
361
809
745
584
472
786
702
694
433
997
676
910
179
394
571
368
845
970
523
458
156
442
262
624
269
827
175
262
819
461
152
848
155
625
682
715
60
633
831
757
657
346
539
311
105
71
170
982
468
928
862
295
189
753
224
76
403
988
802
379
503
669
547
982
702
37
511
628
530
319
63
419
116
518
903
2
784
7
784
115
943
91
984
509
170
683
260
966
39
97
539
858
211
292
844
545
354
665
95
740
620
718
574
264
900
41
572
637
860
907
354
423
341
656
154
316
583
578
108
54
886
533
563
592
300
450
324
240
251
165
724
720
361
471
122
807
691
174
934
263
3
417
808
545
149
829
482
459
258
319
67
680
638
657
544
706
672
833
607
500
985
39
711
940
11
310
551
773
702
445
491
777
569
381
627
58
237
890
789
455
446
387
458
40
26
346
630
839
474
665
895
225
518
268
624
675
189
969
747
3
631
491
905
914
243
700
317
109
967
934
235
271
688
840
577
433
77
248
441
241
589
990
299
357
608
950
322
561
639
853
694
9
236
710
962
266
231
575
658
794
201
97
734
477
487
199
376
453
443
117
547
189
927
913
258
717
993
520
143
394
84
406
295
963
893
165
375
535
767
682
974
958
622
911
21
95
129
10
46
749
521
851
731
988
792
956
807
736
918
861
138
313
18
242
925
107
6
174
689
242
446
517
111
400
224
532
627
347
196
758
456
785
893
590
93
723
84
220
761
120
916
701
609
187
775
298
549
118
876
257
466
810
250
507
695
519
480
772
395
753
865
173
85
248
119
462
903
4
838
552
680
268
551
810
503
823
204
835
271
153
313
748
239
593
592
511
11
440
130
590
307
805
250
143
19
385
957
312
292
395
263
556
716
327
528
260
192
837
449
551
9
483
723
497
356
654
493
750
5
863
940
673
807
519
110
798
30
906
443
806
262
774
261
392
626
944
164
75
39
164
592
179
584
222
513
800
983
359
794
270
724
396
640
920
322
994
325
760
481
326
821
440
315
117
698
250
482
514
288
253
184
869
397
128
632
694
539
835
644
16
457
275
350
5
153
648
6
192
31
712
436
176
101
149
546
906
982
52
911
89
870
787
474
83
495
817
354
467
1000
313
153
45
98
970
669
728
661
845
403
503
552
655
956
206
600
609
588
876
947
889
482
959
531
107
880
807
116
475
400
379
970
44
372
980
250
152
857
973
970
269
244
532
737
346
603
250
23
407
473
124
755
404
815
504
541
64
463
0
191
584
297
581
29
94
511
159
116
652
687
224
209
452
968
913
43
88
140
140
534
789
560
477
900
350
545
381
33
990
694
343
972
158
838
133
460
524
72
476
805
154
399
63
927
174
509
720
398
743
99
309
11
585
104
518
156
739
454
65
180
481
875
448
750
262
593
956
277
863
608
865
283
831
595
401
265
709
595
455
544
248
168
825
788
288
953
49
556
480
363
746
160
350
101
621
700
265
981
838
353
872
616
567
950
235
311
13
846
476
638
116
499
366
29
621
402
992
245
865
442
693
674
891
225
648
745
961
795
476
309
910
404
21
207
253
82
262
400
206
855
433
560
134
846
709
588
182
645
18
646
688
385
107
452
563
247
192
887
461
724
166
219
222
692
792
176
214
524
725
880
997
117
122
466
360
723
348
661
937
945
227
237
215
789
614
768
173
608
930
857
528
129
90
477
441
875
255
764
233
498
467
74
87
301
195
813
356
621
863
742
452
654
378
636
501
736
697
374
324
493
17
380
368
559
916
430
0
492
598
309
259
51
493
918
891
337
974
724
357
265
572
871
903
548
154
290
139
667
222
627
827
36
299
681
823
326
743
468
436
788
286
463
573
710
341
647
259
282
427
833
113
725
562
883
94
252
949
943
601
871
682
127
426
531
916
740
474
352
166
152
738
667
286
69
674
224
4
991
105
547
549
171
359
239
858
811
318
111
121
791
694
421
851
56
424
740
561
501
491
50
292
971
872
295
356
205
236
649
192
274
580
765
403
29
967
940
819
443
164
481
417
773
306
646
724
639
282
974
439
638
695
953
960
248
555
178
981
311
513
102
263
453
837
327
350
94
332
869
288
588
676
884
717
438
499
740
350
691
481
537
238
629
755
630
662
362
27
480
330
942
208
821
245
729
352
661
776
970
623
142
201
445
529
927
376
897
740
870
201
299
154
987
752
339
482
167
866
467
695
211
586
787
552
409
529
544
538
784
847
165
194
95
412
546
437
853
700
41
331
887
3
863
390
392
689
728
952
191
28
884
452
134
364
526
864
207
40
680
173
317
499
278
821
897
369
160
24
716
344
153
862
707
683
63
744
196
42
347
554
964
815
17
650
751
304
444
83
254
666
725
175
212
203
795
493
261
98
293
821
997
367
316
879
114
33
448
252
450
789
729
827
993
460
473
548
999
767
925
981
268
111
441
185
247
894
36
185
324
595
710
157
933
1
648
259
606
307
207
411
801
290
926
336
316
377
188
109
996
782
728
903
426
86
177
33
623
290
177
988
785
252
379
799
605
330
933
23
496
568
429
954
151
793
253
387
625
345
866
568
790
452
933
441
128
9
806
826
174
913
625
875
978
771
616
578
117
643
366
61
368
495
40
493
124
92
753
539
206
223
308
45
660
854
139
358
774
263
878
324
482
126
108
343
918
49
442
524
747
287
412
636
419
741
380
744
755
644
463
592
334
582
255
586
233
646
190
295
953
145
784
679
635
387
611
901
671
401
258
116
508
258
184
716
254
476
37
242
317
335
747
447
741
336
154
33
534
317
525
484
144
68
918
11
504
865
56
287
848
528
192
888
193
909
164
241
233
781
523
649
954
906
99
67
241
995
428
354
249
57
974
381
149
128
823
288
578
323
537
775
748
534
167
138
459
336
798
717
864
588
132
155
90
723
927
241
178
33
970
671
227
338
172
525
860
37
20
161
61
707
536
722
565
366
551
555
201
430
784
414
900
590
253
203
706
850
625
781
922
809
347
891
956
428
528
501
784
901
638
505
267
313
193
711
942
433
984
231
610
552
574
575
516
79
514
694
995
117
440
89
233
890
370
701
767
42
675
752
957
258
275
456
513
294
966
270
476
609
61
547
347
85
58
272
990
310
353
843
524
754
231
67
541
147
522
413
640
233
942
339
67
393
520
705
758
152
674
823
939
292
54
980
284
666
597
752
742
509
743
519
878
381
289
9
827
566
989
684
980
166
195
50
333
819
320
247
195
489
467
401
727
476
909
569
629
573
311
169
108
906
333
240
254
956
161
67
247
575
229
652
459
346
447
941
328
106
354
60
983
426
303
719
56
721
614
533
54
141
461
41
608
359
567
125
57
582
765
114
285
307
392
95
461
564
529
611
115
400
177
836
794
41
841
703
760
146
739
89
555
900
381
211
411
566
737
372
603
635
549
77
812
264
509
852
579
207
951
612
229
163
38
332
145
727
417
569
38
308
627
576
315
866
444
152
997
595
252
788
728
658
763
466
234
918
946
896
713
371
140
467
126
405
673
569
781
181
844
347
784
86
534
172
24
708
432
901
977
205
127
389
164
30
816
397
522
828
521
747
574
894
42
145
90
502
334
65
529
447
221
487
817
759
80
255
261
352
146
282
966
635
534
264
900
295
528
489
10
552
818
955
466
35
659
467
608
449
560
169
141
476
926
102
518
261
400
192
253
628
409
805
614
785
279
942
685
885
97
687
82
434
358
685
88
82
924
168
483
210
520
427
295
678
544
857
791
457
519
967
557
879
412
326
900
550
424
49
564
198
175
702
757
846
415
174
458
130
455
270
112
334
0
618
199
421
509
205
364
405
417
679
466
961
978
288
361
252
504
527
113
399
160
511
803
84
43
144
660
650
391
623
299
85
437
922
40
166
517
496
559
362
719
205
925
346
980
729
444
920
668
636
37
611
581
31
228
520
704
985
855
157
709
666
79
98
162
523
867
592
311
624
477
849
110
715
536
905
411
418
622
424
709
138
661
813
160
674
13
566
182
548
546
830
693
489
555
735
159
638
339
209
298
575
927
81
509
688
937
925
895
560
652
0
635
4
31
578
35
500
848
681
478
320
359
152
193
600
890
414
559
486
414
912
581
652
580
166
831
172
533
815
512
291
593
146
471
943
885
991
3
760
117
795
70
657
623
724
753
608
53
871
696
355
890
691
916
209
889
445
394
825
763
131
520
544
488
41
445
581
595
2
281
96
392
396
175
2
357
439
241
517
547
782
959
296
607
941
501
940
865
907
630
398
209
632
731
6
692
34
668
598
136
850
971
329
413
447
295
62
93
666
810
307
886
250
993
150
740
627
755
813
435
616
394
592
996
361
955
513
82
538
837
506
444
48
901
815
953
262
979
359
617
731
372
983
439
820
364
179
692
938
904
12
975
744
309
863
608
281
499
65
233
683
568
827
465
66
258
149
655
746
77
880
240
400
544
994
818
66
982
764
95
140
481
734
799
121
167
493
427
193
980
170
419
60
595
522
465
771
183
412
345
839
44
564
356
649
477
447
109
735
432
596
550
636
58
865
264
895
877
120
949
181
573
878
13
444
17
99
552
749
350
215
505
989
296
266
52
63
18
270
666
76
509
290
654
985
645
907
124
388
111
75
930
790
133
543
854
993
641
861
695
213
267
432
524
607
236
287
629
27
510
626
641
762
689
653
261
513
937
216
15
784
423
996
149
933
37
93
975
129
436
646
360
54
995
879
645
72
978
721
113
363
343
536
883
28
97
713
719
511
552
775
923
249
469
814
252
796
798
491
912
573
158
608
26
587
989
82
94
486
662
553
109
854
800
603
227
641
446
735
218
192
168
470
546
517
895
541
389
875
962
864
119
346
569
827
570
361
763
212
239
352
942
506
301
706
456
948
311
286
47
265
510
43
678
393
265
294
834
19
88
543
547
116
926
129
5
230
841
52
750
708
41
128
788
405
395
503
936
936
312
221
802
831
332
94
715
447
94
597
941
115
620
853
895
608
501
1000
401
110
808
242
790
424
949
557
48
495
472
21
909
403
30
844
188
361
418
297
293
712
465
772
825
377
625
800
86
538
78
524
965
837
93
1000
121
659
635
923
891
553
237
365
655
247
726
998
274
657
875
874
230
371
93
749
923
121
71
585
991
449
212
691
164
482
731
960
257
194
816
687
542
341
714
543
935
829
840
861
43
319
370
516
57
687
683
293
939
89
119
109
246
958
588
344
151
730
741
658
128
902
738
598
678
177
878
691
794
127
498
193
721
474
284
729
672
928
651
918
510
774
627
232
220
212
853
710
564
148
758
635
41
599
46
316
624
82
903
102
794
759
323
302
747
355
389
293
176
642
567
685
693
279
748
954
510
5
832
243
81
470
829
314
469
537
22
958
661
296
738
715
435
41
511
332
967
542
920
596
903
109
569
328
300
242
710
904
885
572
22
218
450
903
463
821
444
536
972
705
96
668
593
524
822
621
839
357
865
993
249
515
852
138
270
837
571
776
543
507
83
450
773
113
411
721
415
263
488
294
213
547
16
622
414
188
625
564
33
277
228
307
707
235
607
538
938
610
144
862
521
199
569
695
963
312
359
140
535
878
988
386
369
699
817
367
3
529
134
49
257
548
484
480
529
736
973
706
625
283
818
906
502
175
598
971
734
957
492
4
604
783
871
561
329
412
685
994
57
485
425
261
523
166
130
524
422
355
609
374
128
146
144
877
928
115
159
644
66
421
57
46
202
659
375
902
913
15
803
954
961
284
370
831
993
455
182
519
222
375
551
24
977
542
180
222
764
554
693
22
697
703
13
887
842
928
816
118
352
208
759
199
57
646
450
204
940
373
21
16
811
978
524
574
319
932
949
112
44
708
798
502
555
547
784
466
934
433
660
114
571
536
488
468
594
79
475
867
300
793
561
210
415
219
210
502
559
809
957
96
590
176
807
611
551
75
554
797
481
334
372
36
981
720
269
74
525
230
59
130
528
346
445
463
272
79
473
977
845
706
65
820
431
651
121
684
56
78
754
20
281
563
665
609
466
975
980
108
90
175
342
291
478
909
218
150
115
988
468
821
578
700
903
161
35
668
27
513
782
983
575
773
362
743
81
544
239
52
828
839
429
158
934
392
444
351
373
322
459
461
212
348
530
433
129
340
790
283
843
506
937
852
35
375
649
617
275
158
725
21
418
175
294
160
142
221
97
553
490
439
746
301
938
485
479
160
526
68
283
775
404
719
830
251
203
14
449
606
291
126
296
144
218
529
284
147
934
569
662
547
528
592
780
41
14
316
946
177
805
871
338
607
563
109
222
364
529
661
296
382
203
281
607
279
965
282
155
316
375
758
255
81
304
733
784
163
209
34
428
310
665
628
193
471
526
844
488
792
975
307
400
266
692
376
23
950
940
657
87
125
126
633
518
116
945
569
500
698
398
938
813
724
109
0
847
178
741
249
332
972
491
701
170
893
661
329
463
138
858
677
104
323
954
255
834
414
124
234
590
696
182
443
895
992
152
996
113
840
974
919
157
346
57
609
861
741
256
910
777
807
890
231
421
45
442
999
623
696
343
712
90
697
762
175
560
665
476
725
791
789
54
955
588
588
146
17
777
716
544
124
3
658
294
489
604
319
840
123
981
443
783
279
484
437
976
934
206
251
611
614
829
933
149
843
199
842
922
969
219
136
715
582
816
122
533
888
525
133
120
253
353
46
771
790
725
241
806
89
23
862
588
178
900
920
465
754
999
498
231
668
757
924
268
414
973
82
38
604
670
63
687
729
412
183
531
830
893
167
232
281
338
945
611
284
730
138
856
231
213
682
173
633
595
89
927
77
648
275
697
387
832
608
228
988
722
470
743
150
814
255
951
558
741
106
478
207
420
612
669
916
618
556
766
351
827
549
59
303
636
673
483
105
978
274
19
748
468
107
479
217
566
750
609
970
424
797
99
170
632
155
542
461
815
196
631
551
540
44
763
178
579
366
525
294
458
748
595
842
157
736
216
812
376
428
201
250
850
642
646
307
391
189
923
191
133
225
321
833
808
614
294
271
196
519
48
35
495
781
782
756
621
305
757
463
283
642
49
179
241
401
900
844
645
399
187
744
889
841
755
40
524
128
843
391
777
614
216
315
584
666
549
874
143
227
709
355
88
687
439
638
87
87
980
588
813
981
527
49
450
314
579
368
14
160
863
731
15
441
747
257
157
214
858
572
538
387
210
713
120
773
103
705
986
347
655
284
831
892
47
796
356
209
270
297
991
716
201
203
928
221
15
580
799
534
92
952
99
82
66
245
512
200
473
535
925
526
14
272
612
165
222
22
595
521
130
595
589
458
714
1
858
523
495
846
953
991
484
691
399
738
122
373
116
308
702
304
667
780
241
112
336
440
80
643
689
348
501
81
704
694
327
559
927
969
104
878
195
355
810
274
121
180
738
223
306
636
212
720
289
612
955
826
630
917
292
413
205
427
448
403
632
903
707
198
578
479
90
924
400
691
68
645
233
923
546
496
517
243
253
374
389
497
83
972
336
91
955
958
820
930
196
561
182
773
729
585
399
566
188
941
504
659
842
760
370
828
919
281
84
302
394
333
20
393
150
996
413
154
506
444
576
582
325
269
574
750
319
966
132
859
235
463
710
880
325
913
339
356
742
584
991
847
737
871
601
75
621
788
164
256
951
360
126
749
507
502
44
640
247
76
900
255
424
345
561
95
449
426
27
337
688
279
246
506
372
577
289
242
5
903
479
116
167
244
997
19
243
325
911
240
525
664
577
462
112
817
156
506
386
76
197
274
363
11
21
523
777
371
340
709
123
587
989
911
216
846
639
984
843
416
272
31
228
519
949
869
644
837
654
435
751
574
14
254
173
710
166
14
360
150
466
606
226
984
721
797
911
638
886
366
471
481
943
352
96
502
288
362
753
852
569
40
386
186
812
189
748
136
971
569
110
991
750
20
386
710
644
501
624
687
260
183
46
768
634
749
874
327
383
564
718
104
586
665
980
318
388
557
713
532
295
347
760
565
780
605
951
948
977
924
750
634
427
361
934
536
56
469
252
927
549
462
658
717
169
432
704
488
315
481
51
345
546
614
864
884
671
643
737
740
184
58
152
853
435
756
602
984
53
953
30
189
207
464
16
12
516
621
858
588
185
102
246
766
779
967
945
266
885
195
121
696
280
790
786
83
3
404
421
172
135
737
139
940
707
79
205
942
126
868
741
345
741
958
485
747
61
680
711
412
813
477
541
157
903
189
967
933
976
129
567
691
164
454
98
708
967
439
396
70
799
776
793
340
6
120
722
130
811
898
637
168
832
946
63
228
47
449
657
236
860
183
911
684
363
286
932
202
75
88
730
346
525
539
192
234
82
8
184
43
534
790
443
446
906
769
802
174
220
720
560
859
120
345
199
234
419
205
655
466
489
967
105
518
857
572
266
57
532
9
926
485
906
770
244
495
455
178
924
387
815
508
453
199
438
485
813
436
742
815
362
857
221
20
55
52
886
434
550
735
661
175
832
933
951
2
984
832
380
420
322
744
372
604
696
521
72
755
203
424
222
346
251
213
361
850
185
14
358
450
369
805
104
241
381
67
927
480
985
809
469
251
679
587
601
388
863
508
728
784
759
551
258
850
38
943
324
196
193
838
206
476
390
816
836
237
210
200
837
688
830
625
328
57
141
373
177
864
423
1
645
629
593
885
988
591
391
337
113
341
857
589
598
543
838
917
429
9
243
118
694
46
663
529
919
685
551
386
216
520
562
720
139
561
240
496
277
697
217
235
865
926
586
850
798
423
215
69
424
442
376
24
343
764
778
820
536
276
378
275
434
448
33
500
762
481
162
688
626
362
238
649
906
503
715
177
988
334
832
985
674
804
327
166
87
692
828
985
444
259
280
919
940
481
703
201
666
566
781
185
215
246
131
942
706
874
341
652
610
431
48
931
566
1000
802
74
500
178
801
147
758
254
237
592
735
242
285
42
930
496
173
943
755
789
454
236
509
40
178
241
973
134
297
269
880
562
742
257
154
971
924
927
970
3
174
968
936
971
397
275
493
963
999
536
723
636
393
440
176
935
829
507
574
766
269
982
855
55
350
899
626
210
786
87
625
715
880
864
430
962
258
696
325
20
996
41
490
997
456
949
566
469
103
684
480
474
682
657
120
804
536
295
921
934
204
805
285
265
69
73
763
704
827
1000
650
188
584
883
91
524
923
706
19
147
819
281
301
762
614
267
206
775
705
343
679
513
851
267
130
740
324
545
130
92
177
591
170
464
339
327
550
106
478
608
837
519
163
182
642
961
636
631
408
78
649
251
147
623
643
977
425
638
506
365
881
28
386
220
70
306
276
939
816
934
777
273
54
416
302
370
512
602
703
507
370
455
935
252
498
436
743
731
505
897
632
604
497
758
388
782
880
879
851
316
282
521
769
355
888
60
623
587
942
369
763
613
982
408
665
231
950
200
401
85
310
466
179
168
28
328
521
90
428
722
274
520
996
863
604
375
520
951
454
992
428
791
472
236
351
728
843
408
595
788
460
178
527
204
999
796
59
335
528
782
938
944
116
607
717
802
601
580
94
929
441
14
863
48
830
218
212
937
780
746
349
888
9
22
689
516
813
281
683
581
365
678
770
377
539
501
755
367
925
611
259
926
332
734
118
8
182
624
851
183
511
455
429
868
721
173
937
473
578
131
549
10
439
14
361
71
318
202
639
559
273
660
655
927
47
213
534
33
880
701
865
761
176
140
376
910
556
998
566
224
27
755
168
139
674
994
113
705
574
34
66
515
388
242
192
604
530
281
51
643
58
768
366
669
400
331
134
300
20
104
127
843
485
488
983
962
883
281
613
738
939
744
645
635
42
620
772
561
656
588
743
283
565
148
126
363
600
596
501
236
430
314
293
382
214
497
485
789
939
19
58
500
278
835
204
815
129
574
657
866
980
298
779
407
821
368
956
985
55
395
743
967
386
586
490
176
415
46
692
949
24
291
348
375
24
567
497
615
258
589
510
267
404
836
237
720
415
331
88
472
27
695
450
58
579
1
942
501
850
69
813
542
463
783
303
133
637
482
180
466
124
961
139
296
856
75
534
707
854
353
486
20
758
306
463
573
747
253
20
196
288
237
282
875
615
704
224
941
579
742
273
182
914
151
762
615
524
329
664
305
404
412
491
375
734
704
487
331
668
627
466
775
399
639
824
510
742
79
180
604
919
347
694
20
150
150
279
843
722
368
737
646
478
438
192
603
676
313
366
55
260
305
135
763
913
491
420
238
176
824
585
85
417
405
58
344
463
424
22
634
569
212
124
553
659
712
851
546
626
919
676
839
844
69
477
880
356
675
833
882
83
605
89
17
208
795
954
593
939
840
95
776
115
367
576
133
989
543
177
450
3
83
608
663
423
175
328
43
387
297
624
110
393
318
798
949
427
511
338
957
0
3
371
256
366
69
419
119
648
600
868
519
702
497
196
249
208
607
539
382
843
858
892
360
851
702
291
373
453
528
28
817
265
336
673
892
39
607
458
204
124
750
243
553
693
670
853
849
848
719
374
853
40
129
768
741
852
943
995
538
775
761
500
855
112
59
944
354
250
628
180
870
893
200
443
877
267
120
611
961
650
38
989
578
361
159
81
689
817
250
487
672
394
564
620
52
6
614
659
40
643
548
594
903
133
568
476
688
183
411
819
637
672
964
723
247
118
803
455
465
161
827
455
965
296
863
78
538
879
717
551
4
718
817
923
479
218
83
677
362
659
548
93
840
510
306
838
125
814
113
338
622
133
335
476
203
964
101
547
582
519
33
784
447
502
324
414
765
207
913
39
136
799
632
207
38
452
179
134
947
634
695
729
588
504
901
401
943
424
68
925
166
915
692
787
98
174
258
980
35
440
266
268
295
632
229
794
552
673
743
895
999
851
114
325
920
551
760
349
894
692
417
488
941
441
974
571
808
452
276
432
355
841
311
755
341
187
935
360
851
861
597
985
831
962
37
438
982
183
968
850
745
388
484
816
388
357
628
868
474
15
327
836
345
887
671
116
341
197
261
129
926
489
352
875
257
916
944
852
204
906
91
936
20
382
554
774
194
994
809
265
748
180
299
377
681
7
156
239
152
936
148
690
657
221
732
563
588
901
390
577
147
950
930
576
343
208
199
297
861
887
702
938
313
205
883
16
800
971
674
897
812
150
234
730
588
915
190
212
847
8
506
906
404
863
765
400
212
847
210
62
963
283
404
751
78
725
916
406
396
598
681
229
49
998
147
18
810
865
121
516
250
709
261
528
622
331
979
186
803
32
897
151
387
776
958
787
414
530
232
227
414
602
868
928
825
791
845
886
476
969
262
75
961
950
361
752
414
107
342
317
298
664
593
32
192
418
933
799
145
708
246
524
589
841
222
703
1
806
946
257
359
696
769
106
287
222
647
519
977
811
76
309
969
21
116
765
243
700
581
282
79
779
729
482
730
732
395
171
678
132
113
85
909
191
183
555
946
616
972
549
14
719
551
810
646
903
295
755
698
413
389
915
870
398
128
844
45
617
44
650
450
901
165
883
320
119
679
821
73
787
461
744
691
514
419
292
153
670
766
164
142
313
607
372
640
558
525
502
638
601
774
439
34
373
535
623
298
418
739
387
688
740
574
56
714
225
44
60
593
451
469
967
163
632
231
523
35
587
670
166
395
238
464
147
405
354
693
581
504
638
229
650
697
102
322
453
958
186
756
469
602
300
574
877
422
149
641
459
128
695
194
294
797
921
77
224
792
649
923
485
113
354
752
2
835
286
365
178
848
736
902
376
977
196
106
618
488
338
279
7
162
266
553
14
336
564
770
626
791
237
410
813
430
754
962
38
689
987
175
760
204
657
919
964
511
394
841
674
28
627
356
240
54
593
51
31
491
773
956
268
87
433
915
391
159
965
927
617
314
589
670
668
270
629
933
241
492
356
584
971
664
296
94
821
986
963
403
923
315
613
972
276
758
902
368
288
891
994
443
404
566
399
667
762
851
303
577
526
342
945
690
615
640
941
460
1
645
504
2
580
497
533
286
406
347
524
916
748
831
205
789
323
11
299
616
800
760
533
691
697
730
931
750
363
462
436
924
992
468
638
65
519
914
704
317
978
84
435
865
710
868
569
84
609
448
60
662
421
636
889
354
8
402
57
382
876
66
848
250
399
385
428
69
265
737
928
670
30
819
665
935
325
640
989
454
613
157
440
260
856
16
449
781
63
373
405
717
678
448
677
219
613
398
28
252
943
728
873
685
546
603
625
127
389
850
20
103
260
346
57
670
813
412
292
603
184
810
733
847
373
252
991
903
43
22
117
865
656
760
109
513
960
790
925
631
187
560
601
645
907
349
993
344
350
11
64
17
437
763
347
690
247
315
740
784
722
946
528
946
68
417
125
314
649
346
514
675
947
229
982
833
81
370
971
992
398
678
633
850
333
25
994
299
285
965
539
495
886
28
658
890
707
371
619
690
427
604
348
606
243
748
274
849
457
464
776
122
693
935
393
32
562
597
495
271
56
433
703
759
395
29
717
396
636
568
592
991
875
99
224
554
454
40
437
763
862
237
670
325
596
231
116
469
851
644
242
631
650
560
524
825
306
45
350
850
350
641
166
807
552
742
260
615
698
690
937
643
697
492
472
430
693
797
799
34
109
552
480
963
283
938
120
405
479
167
570
600
233
336
746
469
750
879
760
716
37
148
214
986
736
97
519
811
473
127
729
750
783
397
163
292
287
450
698
937
741
830
105
99
270
449
272
791
292
981
433
421
643
58
238
847
291
393
708
411
459
436
133
373
522
236
750
17
295
409
522
738
769
794
951
8
459
694
679
730
803
549
165
302
37
311
605
35
206
613
866
4
847
496
837
418
608
484
582
979
165
422
221
709
329
33
729
978
573
9
889
445
562
138
694
102
855
428
110
334
682
33
612
362
976
596
76
64
478
285
407
670
53
774
359
339
108
566
753
448
966
474
375
603
529
87
880
551
229
31
753
417
755
68
499
639
777
936
271
286
505
93
819
886
455
73
831
751
78
226
616
872
912
264
586
347
990
449
857
103
374
265
167
909
300
341
428
872
449
812
683
587
861
527
97
541
984
596
545
969
995
829
849
238
10
990
305
269
958
425
573
735
287
791
394
657
721
104
613
655
772
214
473
554
34
152
279
572
504
66
291
547
540
200
765
605
13
380
277
629
749
302
616
849
743
769
115
939
666
794
110
180
72
24
440
749
184
785
269
36
466
601
734
59
522
73
923
74
637
132
761
79
192
54
879
878
372
173
101
817
164
54
791
914
28
322
11
888
172
285
906
502
803
273
315
497
505
203
843
921
634
181
106
441
846
893
4
118
47
172
492
213
865
610
912
728
991
999
681
44
145
804
767
659
859
998
599
608
807
954
216
684
205
764
108
674
734
29
215
166
811
550
607
330
884
213
94
24
320
110
308
709
501
189
930
328
458
868
263
677
418
433
49
696
206
808
743
536
328
539
319
62
269
610
191
958
931
139
26
676
987
526
831
633
581
355
429
70
955
299
312
393
325
454
813
705
713
604
42
633
260
38
562
146
707
641
298
261
376
969
629
551
594
370
937
281
252
71
829
781
246
516
806
274
103
626
432
582
292
232
38
309
102
890
327
572
854
503
994
984
85
802
274
155
392
978
718
956
270
423
861
191
72
739
432
379
284
621
940
239
106
331
934
490
660
343
984
845
219
876
723
625
275
565
797
824
525
75
515
991
54
786
706
446
634
8
514
689
964
356
28
418
301
255
938
823
22
277
457
589
555
118
568
372
993
918
483
504
163
669
670
533
757
165
783
960
979
377
663
873
650
900
859
927
44
237
656
636
159
263
187
136
997
827
801
275
432
2
612
405
554
769
767
235
533
452
640
169
916
299
767
365
481
839
405
309
1000
589
753
321
714
900
639
378
766
506
147
598
336
740
575
173
354
145
646
424
53
872
901
931
481
509
456
742
901
999
703
462
952
813
368
842
241
85
549
621
808
476
52
65
251
426
328
250
472
315
53
475
770
267
94
870
279
927
606
285
883
278
815
208
522
377
501
829
242
112
550
322
753
631
890
411
259
910
795
971
423
104
533
488
682
98
246
295
200
552
224
24
883
116
838
503
170
871
764
560
696
983
234
465
295
425
598
498
194
156
391
636
89
741
190
844
412
917
147
163
647
804
80
719
628
777
978
417
309
659
64
51
454
897
951
61
258
91
188
609
465
949
219
539
489
834
620
685
811
828
234
121
380
849
313
689
322
454
139
659
880
832
452
822
747
310
560
756
790
62
717
416
825
475
118
997
995
702
738
813
221
696
106
285
459
862
675
933
193
508
294
446
907
363
947
476
307
551
18
256
859
13
309
651
968
126
639
281
70
469
29
289
22
367
538
84
549
520
46
120
970
942
903
425
663
332
930
44
438
404
558
643
382
739
956
598
147
473
460
545
518
444
229
343
915
279
949
465
534
302
427
147
161
56
189
685
631
952
781
592
846
703
518
751
784
393
711
110
347
505
429
855
49
360
453
703
746
927
995
212
362
746
289
244
709
7
145
191
385
997
127
857
632
672
306
930
583
997
90
796
711
942
221
792
438
782
361
834
662
905
198
488
281
129
46
258
552
925
79
334
288
48
86
477
952
549
569
526
553
118
732
454
69
246
526
481
81
434
564
48
647
82
640
743
347
977
439
877
572
521
182
780
231
140
835
435
405
743
497
967
413
927
729
198
33
12
236
391
47
303
197
696
634
965
530
927
650
923
203
478
70
746
409
861
397
404
129
106
924
683
889
26
629
67
136
522
475
922
813
151
2
392
480
520
684
889
142
957
12
521
132
400
647
842
310
111
108
356
37
610
485
170
228
667
819
796
575
788
729
306
9
956
167
508
837
672
162
309
928
190
699
608
183
549
602
829
985
634
494
909
975
734
644
866
200
412
728
240
372
44
324
729
518
411
753
844
744
481
332
121
299
240
199
362
954
99
585
670
60
410
373
123
316
554
468
978
801
180
104
591
281
167
14
526
929
987
302
390
832
877
468
408
428
155
507
465
767
167
495
417
553
614
594
506
825
175
338
353
987
793
358
974
453
741
502
708
623
854
610
749
671
491
665
242
395
557
578
571
271
730
876
368
126
585
438
718
719
441
655
959
466
899
405
136
276
799
640
560
888
519
152
605
897
308
209
519
570
236
336
920
879
416
109
326
742
801
552
968
654
362
242
251
186
37
400
121
1
958
934
958
631
145
968
23
434
233
541
41
319
478
464
269
9
50
683
261
291
366
987
58
48
998
922
316
499
861
771
383
780
80
320
724
150
430
668
962
924
726
128
124
477
280
393
852
594
683
894
310
493
215
705
407
22
361
76
531
600
862
571
46
509
931
63
687
821
862
580
18
579
804
954
381
751
94
999
951
740
160
839
107
428
984
680
327
535
77
265
68
629
295
973
760
817
468
685
469
1
7
153
439
279
51
296
520
717
554
111
327
89
645
29
57
318
929
225
538
220
556
545
699
299
348
78
255
422
338
718
356
526
89
224
872
191
603
362
620
82
973
302
209
465
323
760
205
394
